0 0.4054369467276114 0.7185499191284179 0.14611813580548322 0.10938949584960937
0 0.784487208613643 0.8461587587992351 0.2527273107458044 0.18681875864664713
0 0.32972162034776475 0.539540958404541 0.0731829325358073 0.04206027984619141
0 0.36053668834544994 0.8697566032409668 0.24518039844654224 0.20667667388916017
0 0.29761424594455294 0.5785568555196127 0.08552915785047743 0.05026925404866536
0 0.04315496771423905 0.9740665435791016 0.08320132273214835 0.0506744384765625
0 0.4142523871527778 0.6350296974182129 0.11256883409288194 0.06812915802001954
2 0.6074603327998409 0.5412406921386719 0.12591840955946182 0.09138946533203125
0 0.36927036709255645 0.5047569274902344 0.056562550862630206 0.03061065673828125
0 0.20869746031584563 0.6441351890563964 0.14984926294397424 0.09615955352783204
