0 0.3606199335168909 0.8659395217895508 0.2421608536331742 0.20959243774414063
0 0.2978771209716797 0.5765746752421061 0.08508648342556424 0.04847634633382161
0 0.33209050496419273 0.5347148418426514 0.0737213134765625 0.042264270782470706
0 0.4052419733118128 0.7170850118001302 0.1530161257143374 0.11196568806966146
0 0.20932528884322554 0.6434252103169759 0.14686811941641348 0.09746723175048828
0 0.041710080040825735 0.9710075378417968 0.08103495703803168 0.05615081787109375
0 0.7850563614456741 0.8439976374308268 0.25344594319661456 0.18373184204101561
0 0.6776464109067564 0.7022222518920899 0.14680746572989004 0.10028228759765626
2 0.6069467332628038 0.5331840515136719 0.12925838894314237 0.08052330017089844
0 0.41455225061487266 0.6367882092793783 0.11735958523220485 0.076155153910319
