0 0.36030604044596354 0.8684066454569499 0.24319508870442708 0.20797443389892578
0 0.40623307404694736 0.7147682825724284 0.15112445972583913 0.11439208984375
0 0.784752118145978 0.8444395065307617 0.2518524169921875 0.18597030639648438
0 0.29790881121600116 0.5763664563496907 0.08664669460720487 0.0504397710164388
0 0.33228513929578996 0.5362056573232015 0.07193857828776042 0.04550377527872721
0 0.6779335587112992 0.7026593208312988 0.1446439954969618 0.09994220733642578
0 0.41685350206163196 0.6336439450581869 0.11349928114149306 0.06771920522054037
2 0.6073020935058594 0.5396647453308105 0.12594112820095485 0.09079151153564453
0 0.04093022346496582 0.9723230361938476 0.07938532299465603 0.053437423706054685
0 0.37210583157009547 0.4993602752685547 0.05619608561197917 0.03695755004882813
